-10.827 4.4882 1
-10.595 5.6367 1
-10.511 -5.6788 1
-10.398 2.673 1
-10.185 5.856 1
-9.9262 -5.4505 1
-9.7151 0.2882 1
-9.6389 1.4844 1
-9.4136 -2.1125 1
-9.2758 0.8144 1
-9.2039 -6.0948 1
-9.7351 1.9481 1
-8.2859 -5.5804 1
-7.3152 4.5322 1
-7.1613 5.9948 1
-7.0294 -4.7468 1
-6.9248 7.1442 1
-6.6468 -5.5075 1
-6.2114 1.671 1
-5.9934 -6.7147 1
-5.99 2.1242 1
-5.7177 1.6408 1
-5.7061 1.5294 1
-5.6789 1.6296 1
-5.6423 -5.1685 1
-5.3848 0.7036 1
-5.3615 2.3729 1
-5.3261 1.0176 1
-5.3157 1.9655 1
-5.2537 0.8866 1
-5.205 2.4413 1
-5.1284 0.6161 1
-5.0831 1.7258 1
-4.9405 2.5913 1
-4.8244 1.7739 1
-4.8189 1.3853 1
-4.7578 0.5807 1
-4.7547 1.4276 1
-4.729 0.7856 1
-4.7025 -0.2679 1
-4.6837 1.7504 1
-4.6783 1.9512 1
-4.6614 5.7005 1
-4.6213 2.1131 1
-4.6177 1.2557 1
-4.6174 -6.5682 1
-4.5548 6.3529 1
-4.5223 1.2398 1
-4.5089 1.2557 1
-4.4208 2.0963 1
-4.4017 1.9698 1
-4.3807 1.7337 1
-4.3758 1.9394 1
-4.366 0.9432 1
-4.3659 1.4574 1
-4.3633 1.4669 1
-4.3568 2.4424 1
-4.2788 1.9115 1
-4.2712 0.7639 1
-4.2457 1.39 1
-4.225 2.4956 1
-4.1615 1.0014 1
-4.134 0.847 1
-4.1094 0.983 1
-4.0536 2.5115 1
-4.0171 0.9338 1
-4.0145 2.5775 1
-4.0141 1.4149 1
-3.9881 1.7709 1
-3.9801 1.43 1
-3.9582 1.953 1
-3.9395 3.0989 1
-3.9348 0.8455 1
-3.9137 0.7538 1
-3.9136 0.343 1
-3.8994 2.1593 1
-3.8791 2.4669 1
-3.8608 1.783 1
-3.8602 0.8163 1
-3.8306 1.8189 1
-3.8057 1.6135 1
-3.7369 2.1629 1
-3.7242 0.498 1
-3.7162 1.7557 1
-3.7007 1.812 1
-3.6981 0.7599 1
-3.6602 2.3953 1
-3.6534 1.918 1
-3.6395 1.9583 1
-3.6189 2.0065 1
-3.6033 1.7573 1
-3.6004 1.3671 1
-3.5936 1.3427 1
-3.5802 2.1412 1
-3.5718 -0.358 1
-3.57 1.5948 1
-3.5656 1.7205 1
-3.5329 0.0102 1
0.5098 2.0195 1
-3.4831 1.2938 1
-3.4742 1.2394 1
-3.4682 0.8539 1
-3.4594 1.5333 1
-3.4541 1.3589 1
-3.4194 -0.0699 1
-3.4013 -0.8727 1
-3.3995 2.7242 1
-3.3671 1.4285 1
-3.3643 2.4306 1
-3.3618 1.5201 1
-3.361 1.2118 1
-3.3524 0.4116 1
-3.3515 1.6401 1
-3.3188 1.2473 1
-3.2985 1.3612 1
-3.2858 1.3079 1
-3.2792 1.7513 1
-3.2626 1.409 1
-3.2559 1.6348 1
-3.2359 2.4797 1
-3.2353 0.4165 1
-3.2106 0.6229 1
-3.1973 3.0173 1
-3.1969 1.8396 1
-3.1942 1.9743 1
-3.1689 1.8131 1
-3.1442 -0.0117 1
-3.1389 1.1986 1
-3.1159 2.0759 1
-3.1137 6.8003 1
-3.0975 1.5583 1
-3.0935 1.2491 1
-3.0862 0.5866 1
-3.0843 1.0477 1
-3.0771 1.5403 1
-3.072 1.6164 1
-3.0695 0.6577 1
-3.0634 1.0105 1
-3.0621 0.9785 1
-3.0552 1.9205 1
-3.0469 1.9325 1
-3.0414 1.4517 1
-3.0269 2.428 1
-3.0257 3.4761 1
-2.9898 1.7212 1
-2.9788 1.4972 1
-2.9476 0.5184 1
-2.9474 2.3447 1
-2.9277 0.3368 1
-2.9131 2.4398 1
-2.9081 1.6952 1
-2.8894 1.5391 1
-2.8422 1.9635 1
-2.8121 1.3036 1
-2.7997 2.3868 1
-2.7995 1.4224 1
-2.7961 1.692 1
-2.7947 1.752 1
-2.7747 1.8313 1
-2.7644 1.6164 1
-2.7567 2.3354 1
-2.7533 1.6704 1
-2.7511 2.2289 1
-2.749 1.4312 1
-2.7455 1.7984 1
-2.7078 0.7751 1
-2.6971 1.7537 1
-2.6612 2.0303 1
-2.6462 1.0122 1
-2.6414 2.9172 1
-2.6377 1.3003 1
-2.6172 1.7213 1
-2.6075 2.0566 1
-2.5969 2.5301 1
-2.5959 1.2964 1
-2.5576 1.2475 1
-2.5399 0.8984 1
-2.5396 0.8598 1
-2.529 1.8372 1
-2.5272 0.6704 1
-2.5171 1.0144 1
-2.5003 1.7959 1
-2.4923 2.2741 1
-2.4852 1.6634 1
-2.4807 0.6573 1
-2.4807 1.8821 1
-2.453 1.744 1
-2.4529 1.5071 1
-2.4225 1.3341 1
-2.4008 1.6093 1
-2.3935 1.6708 1
-2.3933 0.6865 1
-2.3863 1.2543 1
-2.3779 1.0885 1
-2.3706 1.7797 1
-2.3534 0.7087 1
-2.3497 2.3759 1
-2.3475 0.5855 1
-2.3399 0.7067 1
-2.3182 1.9549 1
-2.3175 1.1605 1
-2.3018 0.4714 1
-2.2984 1.4673 1
-2.2822 1.3676 1
-2.2817 0.7451 1
-2.277 1.6981 1
-2.2612 1.573 1
-2.2315 1.674 1
-2.2274 0.4599 1
-2.2068 0.8956 1
-2.2067 1.501 1
-2.1998 1.2447 1
-2.1964 0.9446 1
-2.195 2.4183 1
-2.1784 2.0677 1
-2.1572 0.9202 1
-2.1443 0.4557 1
-2.142 -5.447 1
-2.1273 1.6241 1
-2.1161 1.4114 1
-2.1079 1.7785 1
-2.1068 1.9854 1
-2.1055 1.8057 1
-2.0931 1.6211 1
-2.084 2.095 1
-2.0805 1.6454 1
-2.0754 1.8803 1
-2.0733 1.0106 1
-2.0624 2.3205 1
-2.062 1.0288 1
-2.0507 1.0902 1
-2.0505 2.8862 1
-2.0413 2.6786 1
-2.0378 2.1269 1
-2.0371 1.5188 1
-2.0199 1.5076 1
-2.0186 1.0636 1
-2.0036 1.991 1
-2.0024 2.0279 1
-1.9756 1.2237 1
-1.9755 0.2104 1
-1.951 1.056 1
-1.9406 -0.2213 1
-1.9344 1.0752 1
-1.9077 1.8751 1
-1.902 1.7272 1
-1.8941 1.3923 1
-1.8759 1.2459 1
-1.843 1.7351 1
-1.8386 1.8971 1
-1.8284 2.4493 1
-1.7827 1.2711 1
-1.7756 1.8143 1
-1.7735 1.4389 1
-1.7705 1.9491 1
-1.7684 1.0606 1
-1.7536 1.4315 1
-1.7415 2.1573 1
-1.7387 2.9628 1
-1.7271 1.6862 1
-1.7179 2.4476 1
-1.7174 1.8066 1
-1.7119 1.5773 1
-1.7103 1.1022 1
-1.665 0.7538 1
-1.6631 2.1837 1
-1.6625 2.032 1
-1.6622 0.9115 1
-1.6549 2.1544 1
-1.6506 2.6551 1
-1.6479 1.0392 1
-1.6459 1.1045 1
-1.6362 0.1799 1
-1.6359 1.6345 1
-1.6328 0.4221 1
-1.6292 1.4184 1
-1.6224 1.4436 1
-1.622 2.8735 1
-1.6127 1.9653 1
-1.6042 2.3814 1
-1.5894 0.8232 1
-1.5864 1.4718 1
-1.5861 1.4548 1
-1.5802 -6.415 1
-1.58 0.9708 1
-1.5671 -0.3065 1
-1.5565 1.3262 1
-1.5393 1.7958 1
-1.5349 2.0648 1
-1.5295 2.9062 1
-1.5266 0.5217 1
-1.5213 0.7882 1
-1.5004 1.553 1
-1.4931 1.2674 1
-1.4922 1.4312 1
-1.4668 1.532 1
-1.4619 1.2845 1
-1.4598 0.7859 1
-1.4508 0.7077 1
-1.4477 1.1518 1
-1.4447 1.3359 1
-1.4432 1.3328 1
-1.4362 1.4541 1
-1.4335 1.3697 1
-1.4267 1.7016 1
-1.4057 2.366 1
-1.3887 0.8639 1
-1.3858 1.9871 1
-1.3828 1.6941 1
-1.3725 1.8405 1
-1.3642 1.7029 1
-1.3632 2.2584 1
-1.3609 1.7077 1
-1.3564 3.2058 1
-1.3548 1.4899 1
-1.3508 0.6509 1
-1.3437 1.252 1
-1.3416 1.447 1
-1.3319 0.2119 1
-1.3297 2.972 1
-1.3276 -5.2116 1
-1.3269 1.0769 1
-1.3259 1.0389 1
-1.325 1.5576 1
-1.3201 1.5025 1
-1.3165 1.0584 1
-1.3125 2.2581 1
-1.3071 1.8339 1
-1.3066 0.9443 1
-1.2863 1.8672 1
-1.2848 2.3076 1
-1.2765 0.1401 1
-1.2747 -0.3062 1
-1.2738 2.589 1
-1.2684 1.3901 1
-1.2673 1.2571 1
-1.2598 1.6285 1
-1.2594 1.3886 1
-1.2478 1.8145 1
-1.2275 2.0735 1
-1.2229 1.6785 1
-1.221 1.8624 1
-1.211 2.1209 1
-1.2103 1.853 1
-1.2002 1.1353 1
-1.1984 2.5676 1
-1.1941 1.982 1
-1.1884 1.4673 1
-1.1857 1.982 1
-1.1737 1.9838 1
-1.1725 1.4481 1
-1.168 1.2087 1
-1.1665 2.2494 1
-1.1601 1.237 1
-1.1582 3.1556 1
-1.1537 1.1205 1
-1.1526 0.7508 1
-1.1511 1.1894 1
-1.1438 2.0676 1
-1.1361 0.6765 1
-1.1263 0.9088 1
-1.1228 2.3778 1
-1.1207 1.471 1
-1.0977 0.8043 1
-1.0922 2.7379 1
-1.0643 0.9983 1
-1.0596 1.9588 1
-1.0595 0.5849 1
-1.0564 1.0101 1
-1.0539 1.1906 1
-1.0371 1.6702 1
-1.0322 1.9106 1
-1.0309 -0.2897 1
-1.0141 1.4962 1
-1.0112 1.4835 1
-1.0102 1.7302 1
-0.9984 1.9107 1
-0.9944 1.6196 1
-0.9841 1.0842 1
-0.9829 3.0182 1
-0.982 1.3529 1
-0.9646 1.6856 1
-0.956 1.799 1
-0.9443 0.1631 1
-0.9375 0.8371 1
-0.9366 1.3711 1
-0.9358 1.3387 1
-0.9345 1.2281 1
-0.9217 2.1938 1
-0.916 1.8449 1
-0.9051 1.3072 1
-0.9048 0.5589 1
-0.894 1.2441 1
-0.8894 1.8981 1
-0.8771 1.9241 1
-0.8628 -0.2516 1
-0.8559 1.5254 1
-0.8529 0.4185 1
-0.845 1.5256 1
-0.8359 1.0988 1
-0.8346 1.2661 1
-0.8322 1.6123 1
-0.8296 -0.4237 1
-0.8205 1.8112 1
-0.8203 1.4845 1
-0.8199 2.3192 1
-0.8145 1.6213 1
-0.8097 -0.7697 1
-0.8012 1.5096 1
-0.7999 1.3937 1
-0.7839 2.0453 1
-0.7782 6.7231 1
-0.7762 1.6821 1
-0.7681 1.8356 1
-0.7622 1.8138 1
-0.7605 1.1315 1
-0.7566 1.1971 1
-0.7482 1.5183 1
-0.7446 6.1159 1
-0.7413 2.0451 1
-0.7408 1.5395 1
-0.7342 1.8634 1
-0.7304 1.1142 1
-0.7185 -0.1673 1
-0.7182 1.1297 1
-0.7129 2.0951 1
-0.6988 1.0016 1
-0.6973 0.9901 1
-0.6914 0.77 1
-0.6856 2.135 1
-0.6716 2.0811 1
-0.6635 0.6447 1
-0.6532 1.4828 1
-0.6508 0.0892 1
-0.6461 1.7322 1
-0.6452 2.3742 1
-0.6405 0.1616 1
-0.6392 1.6707 1
-0.6192 1.6182 1
-0.6144 3.2736 1
-0.6124 0.8492 1
-0.6115 2.1312 1
-0.594 1.2385 1
-0.5913 2.3828 1
-0.575 1.7507 1
-0.5739 1.3771 1
-0.5707 1.1346 1
-0.5695 1.3533 1
-0.5545 0.7598 1
-0.5523 -0.468 1
-0.5504 1.1666 1
-0.5453 0.9402 1
-0.5446 0.8558 1
-0.5408 1.2831 1
-0.5271 1.3882 1
-0.5229 1.3731 1
-0.5101 1.5036 1
-0.5057 0.119 1
-0.4975 2.3498 1
-0.4956 2.4966 1
-0.4933 1.7814 1
-0.4864 2.2243 1
-0.4817 1.1321 1
-0.4619 1.5001 1
-0.4544 0.6237 1
-0.4506 1.9293 1
-0.4441 1.0177 1
-0.4403 1.9263 1
-0.4381 1.5562 1
-0.4378 1.8199 1
-0.4341 0.9273 1
-0.4309 1.6682 1
-0.4059 0.0494 1
-0.4026 1.999 1
-0.4011 2.4216 1
-0.3979 1.8397 1
-0.3956 0.4609 1
-0.3919 2.1501 1
-0.391 2.7124 1
-0.3907 1.5786 1
-0.3803 0.805 1
-0.379 2.1988 1
-0.3699 1.8481 1
-0.3686 2.1136 1
-0.365 1.894 1
-0.3606 0.7578 1
-0.3574 0.2486 1
-0.3498 0.7304 1
-0.3422 1.297 1
-0.3368 1.5935 1
-0.329 2.6827 1
-0.322 2.075 1
-0.3217 6.6875 1
-0.3107 1.225 1
-0.3022 1.0371 1
-0.2959 1.5968 1
-0.2875 1.6128 1
-0.2693 1.1473 1
-0.2593 1.0181 1
-0.2514 1.9479 1
-0.248 1.8698 1
-0.2469 1.1233 1
-0.2413 0.8466 1
-0.2331 1.4024 1
-0.2313 1.456 1
-0.2251 1.6736 1
-0.2185 1.3011 1
-0.2147 1.9683 1
-0.2097 3.6892 1
-0.2093 2.3242 1
-0.2047 1.5946 1
-0.1916 2.0027 1
-0.1883 1.3852 1
-0.1864 2.842 1
-0.1849 1.5702 1
-0.1733 1.9481 1
-0.1719 1.4584 1
-0.1471 1.1793 1
-0.1275 2.3826 1
-0.1215 1.3756 1
-0.1168 2.0362 1
-0.1166 2.4053 1
-0.1159 1.0919 1
-0.1076 -0.428 1
-0.1045 1.1884 1
-0.0877 1.4108 1
-0.0808 1.5185 1
-0.0802 0.9864 1
-0.0693 1.5844 1
-0.065 0.7565 1
-0.0595 0.691 1
-0.0426 2.8784 1
-0.0367 1.7364 1
-0.0365 1.9378 1
-0.0328 1.4998 1
-0.0252 1.7318 1
-0.0237 1.8408 1
-0.0164 1.7559 1
-0.0156 0.9893 1
-0.0136 1.7075 1
-0.0012 -0.0717 1
0.0005 0.8339 1
0.002 0.8369 1
0.0041 1.0888 1
0.0045 0.7858 1
0.0087 1.5516 1
0.018 2.5512 1
0.0266 2.4591 1
0.0283 1.5604 1
0.0328 2.362 1
0.0341 -5.9282 1
0.0346 1.2917 1
0.0369 2.0815 1
0.0381 1.2845 1
0.0403 0.0147 1
0.0625 1.1608 1
0.0692 1.8805 1
0.0711 2.037 1
0.0726 1.8201 1
0.0738 3.0051 1
0.0802 1.8587 1
0.0908 1.0084 1
0.0932 1.5072 1
0.0959 2.1199 1
0.0969 1.5422 1
0.1065 1.412 1
0.1133 3.2203 1
0.1143 -0.0073 1
0.1189 0.3068 1
0.119 2.7042 1
0.1203 1.0943 1
0.1243 1.1625 1
0.1271 1.9011 1
0.1287 1.8993 1
0.1297 1.2481 1
0.1361 1.3752 1
0.1368 2.4843 1
0.1413 1.3306 1
0.1497 1.7108 1
0.1539 0.0558 1
0.1584 0.9775 1
0.1737 -0.269 1
0.1752 2.0504 1
0.1789 1.3844 1
0.181 1.8025 1
0.1822 1.5352 1
0.2026 2.4858 1
0.2094 2.4785 1
0.2101 1.3694 1
0.2138 1.6012 1
0.2307 1.5047 1
0.2313 1.9527 1
0.2332 2.0203 1
0.2361 1.5339 1
0.2362 1.3363 1
0.2363 1.8683 1
0.2444 1.1239 1
0.2518 2.7325 1
0.2535 1.5956 1
0.2552 0.2455 1
0.2636 1.9786 1
0.2735 2.2443 1
0.2774 0.9241 1
0.2814 1.9177 1
0.2834 3.6509 1
0.2859 2.0538 1
0.2983 1.9183 1
0.3048 1.2058 1
0.3082 1.0163 1
0.3104 1.3441 1
0.3212 2.1398 1
0.3285 0.5852 1
0.3376 1.8471 1
0.3423 1.2284 1
0.3516 1.7768 1
0.3556 2.3141 1
0.3614 1.6381 1
0.3905 0.4564 1
0.4014 1.7598 1
0.4017 0.7596 1
0.4059 1.2464 1
0.4086 1.5924 1
0.4121 0.348 1
0.42 1.1789 1
0.4294 2.5866 1
0.4327 1.7282 1
0.4349 0.8174 1
0.4408 0.4584 1
0.4538 2.4673 1
0.4546 1.42 1
0.4569 1.5853 1
0.4807 1.6875 1
0.4945 -0.175 1
0.4946 1.1597 1
0.4994 0.846 1
0.5018 0.7412 1
0.5154 1.3385 1
0.5206 0.4833 1
0.524 2.0099 1
0.5257 1.8683 1
0.5266 1.4601 1
0.5364 2.4305 1
0.544 2.3214 1
0.5488 2.5987 1
0.5761 2.0628 1
0.5767 1.5698 1
0.5777 2.0068 1
0.5865 0.4583 1
0.587 2.0422 1
0.595 1.2099 1
0.5965 1.258 1
0.6034 2.9056 1
0.6112 3.2101 1
0.6249 0.8611 1
0.637 1.6622 1
0.641 2.3761 1
0.6466 2.3278 1
0.649 2.0528 1
0.6578 2.0982 1
0.6662 1.8406 1
0.6748 2.1692 1
0.69 0.497 1
0.693 0.6121 1
0.6974 0.8828 1
0.7042 2.6342 1
0.71 -0.4294 1
0.7172 1.2655 1
0.7261 1.9472 1
0.736 1.3095 1
0.7412 0.1096 1
0.7416 2.4802 1
0.7566 2.4237 1
0.7572 0.9691 1
0.7618 0.9297 1
0.7741 1.2462 1
0.7825 0.7797 1
0.7846 1.4779 1
0.793 1.5374 1
0.8101 1.8003 1
0.8325 2.1053 1
0.839 2.38 1
0.8423 1.8053 1
0.8439 2.1249 1
0.8463 1.4801 1
0.8544 0.8377 1
0.8575 1.2189 1
0.8702 0.4485 1
0.8739 1.9546 1
0.8811 2.3877 1
0.8836 2.8059 1
0.8856 1.3302 1
0.8925 2.5222 1
0.9081 1.6953 1
0.9082 0.4502 1
0.9083 2.1901 1
0.9184 1.701 1
0.9259 0.7166 1
0.9417 1.307 1
0.9423 2.4953 1
0.9431 0.1093 1
0.9607 2.3015 1
0.9635 2.3886 1
0.9693 1.2627 1
0.9704 2.8494 1
0.9754 1.48 1
0.9934 2.4398 1
0.9958 1.0861 1
1.0004 1.1908 1
1.0012 1.3318 1
1.008 6.0077 1
1.0108 2.3938 1
1.0156 1.7202 1
1.0208 1.5387 1
1.0372 2.9044 1
1.0421 2.0019 1
1.043 2.1305 1
1.0517 2.0159 1
1.0523 1.8382 1
1.0551 1.5328 1
1.0763 1.0811 1
1.0841 0.754 1
1.0848 2.0027 1
1.0907 1.1163 1
1.0947 1.4765 1
1.0987 1.5315 1
1.1229 2.4167 1
1.1303 2.5324 1
1.1561 0.7837 1
1.1591 2.024 1
1.1631 1.5483 1
1.1656 0.8163 1
1.1682 2.446 1
1.1693 -0.1637 1
1.1725 1.3685 1
1.1749 1.4177 1
1.1824 1.669 1
1.185 1.5866 1
1.1865 0.4385 1
1.1886 1.6085 1
1.1985 0.6422 1
1.2007 0.5577 1
1.2251 2.046 1
1.2314 1.9232 1
1.2515 1.6347 1
1.2677 1.9674 1
1.2792 0.3097 1
1.2844 1.4226 1
1.2875 1.1698 1
1.296 1.7675 1
1.2966 2.1776 1
1.2974 0.2733 1
1.3015 0.4187 1
1.303 0.9274 1
1.3086 1.6917 1
1.3119 1.4766 1
1.312 2.552 1
1.3153 1.5193 1
1.3184 2.3825 1
1.3206 2.5838 1
1.3294 1.6453 1
1.3306 0.4782 1
1.3433 0.4696 1
1.3547 2.006 1
1.357 1.2123 1
1.3594 0.7946 1
1.366 0.9807 1
1.3756 0.5928 1
1.3803 1.2691 1
1.3852 1.4841 1
1.3916 1.3275 1
1.3929 0.8119 1
1.3962 0.8827 1
1.3985 1.478 1
1.402 1.8007 1
1.4287 1.2454 1
1.4321 -0.0854 1
1.4324 0.931 1
1.4369 1.4421 1
1.4385 2.3007 1
1.44 0.3884 1
1.4409 0.1154 1
1.4449 0.1586 1
1.4657 2.3105 1
1.4814 2.2388 1
1.4881 1.3715 1
1.4933 0.6489 1
1.4993 1.7158 1
1.505 1.2868 1
1.5055 2.0957 1
1.5087 1.3778 1
1.5112 1.568 1
1.5139 1.4174 1
1.5139 2.0254 1
1.5151 1.79 1
1.5159 1.2954 1
1.5234 1.0275 1
1.5284 0.7837 1
1.5376 0.4394 1
1.5422 1.6991 1
1.5451 1.4721 1
1.5681 2.6956 1
1.5776 2.48 1
1.5843 2.1958 1
1.5892 1.3288 1
1.591 0.2286 1
1.5934 2.2124 1
1.603 1.7256 1
1.6097 1.6448 1
1.6221 0.4248 1
1.6397 1.2557 1
1.64 0.9706 1
1.6452 0.3334 1
1.6537 1.1359 1
1.6592 1.371 1
1.7039 0.527 1
1.7174 2.2794 1
1.7193 1.1531 1
1.7208 1.9197 1
1.7309 1.7175 1
1.7378 1.5515 1
1.7645 2.2643 1
1.7778 1.3171 1
1.7828 1.0736 1
1.803 1.1058 1
1.8186 1.2655 1
1.8485 1.6098 1
1.8541 1.4574 1
1.8702 0.5022 1
1.8882 1.9226 1
1.8974 1.5675 1
1.9146 1.7864 1
1.9284 1.2979 1
1.9315 1.5861 1
1.9322 1.3036 1
1.9413 1.6276 1
1.9432 1.4301 1
1.947 1.4733 1
1.9503 2.231 1
1.9507 2.2047 1
1.9592 1.7038 1
1.9738 2.2582 1
1.9767 1.5244 1
1.985 -0.0242 1
1.9973 1.9507 1
1.9988 1.4595 1
2.0034 1.7144 1
2.0046 1.9721 1
2.0147 0.68 1
2.0208 0.7574 1
2.0288 2.4014 1
2.0316 0.6231 1
2.0363 0.6192 1
2.0549 0.2985 1
2.0646 0.9044 1
2.1055 2.3727 1
2.1089 1.7337 1
2.1259 2.1304 1
2.1346 2.0956 1
2.1367 -0.2142 1
2.1567 1.1187 1
2.1568 1.4136 1
2.1603 0.8049 1
2.1729 1.1889 1
2.1763 2.1205 1
2.1766 1.3204 1
2.1768 1.7376 1
2.1975 1.207 1
2.2009 1.5049 1
2.219 0.3717 1
2.234 1.4758 1
2.2351 1.1241 1
2.2374 1.1081 1
2.2388 1.496 1
2.239 1.1324 1
2.2397 1.5401 1
2.2514 1.4359 1
2.2605 1.4502 1
2.2767 1.8968 1
2.2804 0.9774 1
2.283 1.9738 1
2.284 2.9375 1
2.2853 0.8186 1
2.2881 1.8002 1
2.3021 0.7336 1
2.3211 2.7143 1
2.3248 1.1766 1
2.338 0.4943 1
2.3539 1.8175 1
2.3548 1.0717 1
2.3625 0.8197 1
2.3697 1.0481 1
2.3725 2.3743 1
2.3728 1.2998 1
2.3736 -0.286 1
2.3894 0.1732 1
2.4007 1.2688 1
2.4031 1.0697 1
2.4065 1.1284 1
2.4074 1.043 1
2.4129 0.7899 1
2.4415 1.6079 1
2.4471 1.7899 1
2.4491 2.6151 1
2.4513 0.741 1
2.4553 0.6225 1
2.4555 1.4714 1
2.4734 2.1555 1
2.4788 1.9818 1
2.4879 1.4205 1
2.4977 2.6137 1
2.505 0.6215 1
2.5274 0.4319 1
2.5385 -0.1845 1
2.5681 1.8746 1
2.5694 0.9618 1
2.5885 1.3961 1
2.5958 1.8744 1
2.6018 0.8963 1
2.6031 0.716 1
2.6152 1.2981 1
2.62 2.5086 1
2.63 1.3436 1
2.6356 0.8458 1
2.6461 2.9186 1
2.6628 1.25 1
2.6879 0.0491 1
2.7211 0.4508 1
2.7262 1.4605 1
2.74 1.4233 1
2.7474 1.4395 1
2.7562 1.5899 1
2.7619 1.3402 1
2.7701 0.805 1
2.8172 2.8836 1
2.8232 1.0632 1
2.8345 1.2114 1
2.8484 1.7606 1
2.8601 1.1679 1
2.8708 1.2101 1
2.8809 0.7559 1
2.8968 1.4428 1
2.9282 2.6763 1
2.9528 1.3231 1
2.9658 1.3232 1
2.9681 2.7637 1
2.979 1.7109 1
2.9803 1.0638 1
3.0046 -0.2735 1
3.0076 2.1723 1
3.0143 0.5554 1
3.0421 0.624 1
3.0517 2.0677 1
3.0871 1.1993 1
3.144 0.2264 1
3.1444 0.9818 1
3.1633 1.4773 1
3.1854 2.1765 1
3.1978 1.529 1
3.2106 1.8563 1
3.2132 1.686 1
3.2648 1.5756 1
3.2671 0.7985 1
3.2976 2.3941 1
3.3207 1.3494 1
3.3315 1.4012 1
3.332 6.4582 1
3.3547 0.6433 1
3.4397 -0.3778 1
3.4426 3.4818 1
3.4538 2.2961 1
3.4824 2.4863 1
3.4896 1.3591 1
3.4945 2.2465 1
3.5201 2.6424 1
3.5475 1.5546 1
3.5722 0.6233 1
3.574 0.7787 1
3.6029 1.4522 1
3.612 1.3126 1
3.6156 2.4668 1
3.6281 2.1709 1
3.6529 1.7902 1
3.6758 1.5823 1
3.6925 1.6526 1
3.7393 2.2101 1
3.7558 0.6268 1
3.7617 2.2068 1
3.7664 1.4633 1
3.7823 0.6641 1
3.7864 -5.3052 1
3.7897 0.299 1
3.793 2.237 1
3.8033 0.9238 1
3.8063 1.9637 1
3.8267 0.4641 1
3.861 0.8464 1
3.8695 2.903 1
3.9226 0.3938 1
3.9454 1.7699 1
3.9655 0.3068 1
4.0291 1.6922 1
4.0501 1.3046 1
4.0754 0.6064 1
4.0858 1.4404 1
4.1024 1.3868 1
4.1125 1.8561 1
4.154 1.5992 1
4.1655 1.3543 1
4.1787 -5.7553 1
4.2196 0.9125 1
4.2555 0.81 1
4.3165 1.495 1
4.4867 1.3086 1
4.5101 1.4382 1
4.5926 2.4178 1
4.6381 1.9007 1
4.6482 0.6722 1
4.7207 2.5825 1
4.7797 1.686 1
4.7946 1.8287 1
4.7948 1.3137 1
4.8387 0.8693 1
4.9393 2.0909 1
4.9983 1.2945 1
5.0238 6.0348 1
5.081 1.1353 1
5.0903 1.7049 1
5.1044 2.1277 1
5.2532 1.571 1
5.3436 1.7612 1
5.3631 1.06 1
5.3777 1.2742 1
5.4213 6.1569 1
5.6819 1.4108 1
6.1098 1.1553 1
6.2074 1.7057 1
6.4826 -6.3985 1
7.0457 -6.0104 1
7.1106 5.7271 1
8.3101 6.2232 1
8.3185 -5.7574 1
9.914 6.0897 1
9.9936 6.7362 1
10.096 1.3467 1
10.283 -2.9377 1
10.473 -0.675 1
10.646 0.2404 1
10.754 -4.4149 1
10.768 5.0772 1
11.203 2.4851 1
-11.131 -1.3585 2
0.0591 -2.5065 2
-10.854 1.4692 2
-10.603 -2.1647 2
-10.16 -4.6201 2
-10.051 -3.0223 2
-9.9477 -0.53 2
-9.8504 5.9561 2
-9.6291 2.794 2
-9.4997 4.815 2
-9.4317 6.9853 2
-9.2958 3.8323 2
-9.2553 -6.8712 2
-9.0281 -4.8246 2
-8.5718 -3.5543 2
-8.2524 4.4131 2
-7.652 5.5878 2
-6.3359 5.0643 2
-6.0921 -1.3018 2
-5.9743 -0.9256 2
-5.7454 -2.1155 2
-5.6015 -2.2401 2
-5.5517 4.2241 2
-5.2751 6.8574 2
-5.1994 -1.2522 2
-5.0707 -1.9985 2
-5.0322 -1.9334 2
-4.9662 -2.4633 2
-4.9158 -2.0524 2
-4.908 -6.1377 2
-4.8216 -1.0624 2
-4.6498 -2.1683 2
-4.5735 -2.0978 2
-4.5329 -2.1916 2
-4.3907 -1.2625 2
-4.39 -2.1894 2
-4.3355 -0.7534 2
-4.2842 -2.4813 2
-4.2773 -1.6663 2
-4.2515 -0.9174 2
-4.2287 -2.4355 2
-4.1873 -1.0422 2
-4.1434 -0.6203 2
-4.109 -1.5823 2
-4.1011 -2.7193 2
-4.0897 -2.2249 2
-4.0728 -1.5286 2
-4.0606 -0.334 2
-4.0514 -1.6859 2
-4.0328 -1.6142 2
-4.0131 -0.9821 2
-3.9925 -2.3895 2
-3.9848 -0.1894 2
-3.9823 -0.2129 2
-3.9637 -0.6365 2
-3.9635 -1.8944 2
-3.9498 -1.8417 2
-3.9426 -1.5019 2
-3.8895 -2.2541 2
-3.883 -1.8681 2
-3.8241 -1.4399 2
-3.7275 -1.9409 2
-3.7226 -2.3043 2
-3.6913 -1.1164 2
-3.6788 -3.146 2
-3.6543 -1.3343 2
-3.6251 -1.8426 2
-3.6122 -2.4398 2
-3.6051 -0.9606 2
-3.5979 -2.0224 2
-3.5959 -0.3157 2
-3.5741 -6.614 2
-3.5153 -0.935 2
-3.5095 -1.3396 2
-3.4993 -0.9026 2
-3.4977 -0.0497 2
-3.4534 -2.0798 2
-3.4533 -1.2069 2
-3.425 6.9916 2
-3.3361 -2.7445 2
-3.3327 -3.0244 2
-3.3253 -1.7028 2
-3.2858 -1.3508 2
-3.2502 -2.186 2
-3.2475 -1.1386 2
-3.2401 -1.2828 2
-3.2299 -1.4521 2
-3.2281 -1.2468 2
-3.2128 -3.0455 2
-3.2074 -2.0461 2
-3.2042 -0.9212 2
-3.1722 -1.3196 2
-3.1676 -0.6184 2
-3.1656 -2.1222 2
-3.1609 -1.4271 2
-3.1517 -2.7089 2
-3.0816 -0.8104 2
-3.0744 -1.6397 2
-3.0556 -1.5544 2
-3.0448 -1.4746 2
-3.0263 -1.4828 2
-3.0245 -2.5573 2
-3.023 -1.6015 2
-3.0118 -1.7566 2
-3.0084 -2.0454 2
-3.0038 -1.6326 2
-3.0033 -3.415 2
-2.9999 -1.5406 2
-2.9992 -2.0512 2
-2.9833 -1.1451 2
-2.9596 -1.03 2
-2.9481 -0.6748 2
-2.9329 -0.9534 2
-2.9184 -0.8813 2
-2.8986 -1.1031 2
-2.8868 -1.8829 2
-2.8817 -1.6785 2
-2.8735 -1.1235 2
-2.8717 -0.8729 2
-2.8664 -1.5237 2
-2.8418 -1.6427 2
-2.8412 -2.8329 2
-2.8284 -1.4498 2
-2.8241 -2.3208 2
-2.8141 -1.5965 2
-2.8033 -2.0041 2
-2.791 -1.3949 2
-2.7829 -1.0784 2
-2.779 -0.6436 2
-2.7784 -1.085 2
-2.7721 -1.5306 2
-2.7677 -2.17 2
-2.7665 -1.1771 2
-2.7596 -1.3978 2
-2.7593 -1.2962 2
-2.7582 -0.1245 2
-2.7253 -0.8281 2
-2.7127 -2.2719 2
-2.6888 -1.5446 2
-2.6672 0.8894 2
-2.66 -1.9481 2
-2.6538 -0.6644 2
-2.6531 -1.6141 2
-2.6475 -0.8791 2
-2.634 -1.491 2
-2.6284 -0.3762 2
-2.626 -1.7772 2
-2.6257 -1.2031 2
-2.6175 -2.7266 2
-2.6121 -0.9024 2
-2.6084 -2.9727 2
-2.6036 -2.4115 2
-2.6011 -0.7941 2
-2.6009 -1.8195 2
-2.5758 -0.0103 2
-2.571 -1.387 2
-2.5708 -0.8499 2
-2.5625 -3.1544 2
-2.555 -2.5594 2
-2.5477 -3.2298 2
-2.5371 -1.5462 2
-2.5314 5.7844 2
-2.5174 -0.8949 2
-2.5002 -1.7177 2
-2.4977 -2.4372 2
-2.4733 -2.5151 2
-2.463 -2.0025 2
-2.45 -1.65 2
-2.4499 -1.6545 2
-2.4469 -1.092 2
-2.4413 -0.9344 2
-2.4159 -1.5399 2
-2.3831 -1.1912 2
-2.3739 -1.7639 2
-2.357 0.0475 2
-2.3515 -1.6363 2
-2.3418 -1.2836 2
-2.3409 -1.7594 2
-2.3248 -3.0329 2
-2.3146 -1.1857 2
-2.3136 -1.5504 2
-2.3134 -1.3779 2
-2.2784 -0.6271 2
-2.2688 -1.6647 2
-2.2654 -0.6388 2
-2.2623 -1.6671 2
-2.2392 -0.6638 2
-2.2359 -1.2756 2
-2.2317 -1.9169 2
-2.222 -2.3321 2
-2.2178 -0.9588 2
-2.2167 -2.1827 2
-2.2083 -1.3551 2
-2.2003 -1.8633 2
-2.1872 -1.2011 2
-2.1724 -2.3163 2
-2.1661 -1.4776 2
-2.161 -1.4081 2
-2.1388 -0.9534 2
-2.1273 -0.2624 2
-2.1206 -0.5707 2
-2.1125 -2.2353 2
-2.1073 -1.3701 2
-2.1034 -2.8193 2
-2.0904 -1.8114 2
-2.0766 -2.9272 2
-2.0714 -0.5928 2
-2.0703 -1.1655 2
-2.0488 -2.3392 2
-2.0371 -0.7531 2
-2.0101 -2.1486 2
-2.007 -1.7492 2
-2.0054 -1.2302 2
-1.9958 -1.7256 2
-1.9936 -0.7826 2
-1.993 -1.6989 2
-1.9806 -0.8224 2
-1.9787 -1.9231 2
-1.9786 -0.8938 2
-1.9751 -2.1437 2
-1.9712 -1.9544 2
-1.9478 -1.0257 2
-1.9466 -1.8932 2
-1.9451 -0.6232 2
-1.9348 -3.6564 2
-1.9225 -1.3959 2
-1.9142 -2.1047 2
-1.8992 -0.8889 2
-1.8981 -2.4694 2
-1.8919 -1.774 2
-1.886 -1.6825 2
-1.8842 -3.2709 2
-1.8802 -0.9704 2
-1.8755 -2.1794 2
-1.8663 -1.7357 2
-1.8626 -0.6221 2
-1.8528 -1.46 2
-1.8499 -2.8102 2
-1.8252 -2.2793 2
-1.8032 -0.7827 2
-1.7937 -0.1623 2
-1.788 -2.3546 2
-1.7854 -1.7777 2
-1.783 -2.1623 2
-1.7555 -1.0138 2
-1.746 -1.9769 2
-1.7447 -1.5162 2
-1.7417 -0.9793 2
-1.7373 -2.395 2
-1.7322 -2.1283 2
-1.7152 -1.1741 2
-1.7145 -2.0348 2
-1.7124 -0.9664 2
-1.7062 -1.2472 2
-1.7052 -1.1703 2
-1.6998 -0.5288 2
-1.6996 -2.5977 2
-1.6962 -1.7641 2
-1.6941 -1.9423 2
-1.6804 -2.07 2
-1.6795 -1.0387 2
-1.6649 -1.5794 2
-1.6644 -1.394 2
-1.6612 -0.3291 2
-1.6602 -0.5072 2
-1.6536 -3.5758 2
-1.6509 -0.7999 2
-1.6442 -1.3749 2
-1.6332 -0.7102 2
-1.6246 -1.8945 2
-1.6223 -1.7831 2
-1.6217 -1.5322 2
-1.6205 -0.1368 2
-1.6129 -0.8309 2
-1.6047 -1.7175 2
-1.6044 -1.8934 2
-1.6025 -1.9145 2
-1.601 0.0843 2
-1.5992 -1.2183 2
-1.5823 -0.3435 2
-1.578 -1.1994 2
-1.5753 -1.1618 2
-1.5748 -1.3691 2
-1.56 -2.8003 2
-1.5449 -1.2917 2
-1.5345 -0.4708 2
-1.5181 -1.3731 2
-1.5153 -1.3839 2
-1.5033 -1.8539 2
-1.4858 -0.6619 2
-1.4812 -1.9543 2
-1.4769 -1.794 2
-1.4758 -1.9887 2
-1.4708 -1.1585 2
-1.4675 -0.7916 2
-1.4659 -1.7548 2
-1.4634 -1.1205 2
-1.4548 -1.9991 2
-1.4541 -1.6089 2
-1.454 -0.8155 2
-1.4537 -2.7888 2
-1.4166 -2.0594 2
-1.4122 -1.2865 2
-1.4036 -1.725 2
-1.3995 -0.6985 2
-1.3979 -1.8935 2
-1.3821 -1.3742 2
-1.3557 -1.7481 2
-1.3476 -1.0733 2
-1.3333 -0.4291 2
-1.3188 -0.1871 2
-1.2954 -2.3201 2
-1.2856 -1.4145 2
-1.2777 -0.9223 2
-1.2718 -0.6596 2
-1.2697 -0.2217 2
-1.2641 -1.5268 2
-1.2398 -0.857 2
-1.2356 -0.5783 2
-1.2271 -1.6795 2
-1.2185 -1.5973 2
-1.2174 -2.556 2
-1.2092 -0.8396 2
-1.2059 -1.7881 2
-1.1998 -1.2863 2
-1.1968 -1.9361 2
-1.1966 -1.4665 2
-1.1796 -1.2408 2
-1.1699 -1.3486 2
-1.1687 -2.0367 2
-1.1658 -1.4681 2
-1.1645 -1.8188 2
-1.1425 -1.5995 2
-1.1351 -1.5778 2
-1.1275 -0.989 2
-1.1269 -2.4697 2
-1.1255 -1.5891 2
-1.1254 -2.0318 2
-1.1195 -2.5546 2
-1.1123 -2.9993 2
-1.1102 -2.5585 2
-1.11 -2.767 2
-1.0983 -2.5381 2
-1.0893 -3.1679 2
-1.0883 -2.5426 2
-1.0853 -1.4279 2
-1.0826 -0.8432 2
-1.0691 -2.1499 2
-1.0691 -1.4115 2
-1.0645 -1.2895 2
-1.0608 -0.4569 2
-1.0595 -0.4915 2
-1.0492 -0.6731 2
-1.044 0.3961 2
-1.0334 -0.819 2
-1.033 -0.8312 2
-1.028 -1.7498 2
-1.0226 -0.8326 2
-1.0153 -0.6337 2
-1.0035 -0.2589 2
-0.9941 -2.101 2
-0.9869 -0.6869 2
-0.9726 -1.7613 2
-0.9539 -1.9302 2
-0.9537 -1.5372 2
-0.9465 -0.2982 2
-0.9425 -1.662 2
-0.9422 -0.1537 2
-0.9284 -0.8025 2
-0.9267 -1.9571 2
-0.9192 -1.5293 2
-0.91 -2.4689 2
-0.9035 -2.1848 2
-0.9018 -2.6145 2
-0.8926 -2.4455 2
-0.8909 -2.2682 2
-0.8906 -1.0579 2
-0.8727 -0.0073 2
-0.8644 -1.7993 2
-0.8637 -2.7459 2
-0.8594 -0.713 2
-0.8553 -1.3028 2
-0.8545 -1.6118 2
-0.8486 -3.1205 2
-0.8484 -1.2287 2
-0.8449 -1.0216 2
-0.8351 -0.6264 2
-0.8278 -2.7183 2
-0.8119 -1.0395 2
-0.807 -0.8667 2
-0.8059 -1.4602 2
-0.7992 -1.949 2
-0.7922 -1.8944 2
-0.788 -1.2733 2
-0.7875 -1.1239 2
-0.7833 -2.2236 2
-0.7824 -2.8262 2
-0.7725 -1.9577 2
-0.7638 -2.1322 2
-0.7616 -1.0854 2
-0.7279 -1.2706 2
-0.713 -2.3093 2
-0.7116 -2.6741 2
-0.7085 -0.8201 2
-0.7057 0.7655 2
-0.7051 -0.8456 2
-0.7002 -1.5254 2
-0.6969 -1.7719 2
-0.6828 -1.8878 2
-0.6816 -1.6653 2
-0.6797 -1.8549 2
-0.6715 -2.0418 2
-0.6481 -0.1918 2
-0.6391 -1.6297 2
-0.6196 -1.4956 2
-0.6179 -1.2987 2
-0.6135 -0.7725 2
-0.6105 -0.243 2
-0.5976 -0.8594 2
-0.5803 -1.5451 2
-0.5758 -1.7491 2
-0.5677 -0.3762 2
-0.5637 -2.0232 2
-0.5436 -1.8177 2
-0.5417 -1.245 2
-0.5411 -2.9164 2
-0.5283 0.0581 2
-0.5249 -6.4764 2
-0.522 -1.0441 2
-0.5198 -1.1242 2
-0.5166 0.252 2
-0.5111 -2.5879 2
-0.5105 -1.8283 2
-0.505 -0.672 2
-0.4947 -1.8686 2
-0.4921 -0.3869 2
-0.4815 -0.8099 2
-0.481 -2.0542 2
-0.471 -1.27 2
-0.4532 -0.7048 2
-0.4412 -1.3505 2
-0.4347 -1.2965 2
-0.433 -2.2273 2
-0.4323 -1.0019 2
-0.4305 -2.0023 2
-0.4168 -0.6203 2
-0.4124 -0.9528 2
-0.4113 -2.3908 2
-0.4094 -1.7754 2
-0.4093 -0.3719 2
-0.4076 -2.1566 2
-0.4075 -1.4377 2
-0.4035 -0.592 2
-0.4008 -2.0033 2
-0.4003 -1.2558 2
-0.3994 -2.7669 2
-0.3973 -1.7162 2
-0.3738 -2.3559 2
-0.3726 -0.9163 2
-0.3632 -1.2599 2
-0.3537 -1.4458 2
-0.3519 -1.0404 2
-0.3479 -1.1335 2
-0.3462 -2.7182 2
-0.3388 -1.8734 2
-0.3372 -1.5198 2
-0.3275 -2.1899 2
-0.3275 -2.3758 2
-0.3238 -0.836 2
-0.3237 -0.9827 2
-0.3193 -2.6681 2
-0.3088 -1.2237 2
-0.3029 -1.378 2
-0.3028 -2.4273 2
-0.2968 -2.9606 2
-0.2941 -1.5435 2
-0.2885 -1.7465 2
-0.2882 -0.3164 2
-0.2845 -2.3554 2
-0.2753 -1.6142 2
-0.2739 -0.6756 2
-0.2688 -1.962 2
-0.2634 -2.0587 2
-0.2515 0.0315 2
-0.2214 -1.2198 2
-0.2123 -0.9072 2
-0.2105 -1.159 2
-0.2035 -1.5352 2
-0.1957 -1.9959 2
-0.1894 -1.8689 2
-0.1867 -1.2957 2
-0.1833 -0.9066 2
-0.1538 -1.3852 2
-0.1526 -0.9251 2
-0.1462 -1.9383 2
-0.1399 -1.862 2
-0.1398 -0.5666 2
-0.1358 -1.1226 2
-0.1305 -0.3985 2
-0.1206 -1.4201 2
-0.1176 -2.2255 2
-0.1107 -1.1273 2
-0.1041 -2.1499 2
-0.0982 -1.9355 2
-0.0917 -2.4585 2
-0.0876 -1.1962 2
-0.0707 -2.6655 2
-0.0659 -0.7699 2
-0.0651 -1.3152 2
-0.0635 -1.1598 2
-0.0542 -1.6368 2
-0.045 -2.1449 2
-0.0373 -1.4621 2
-0.0354 -1.7081 2
-0.0265 -2.8751 2
-0.0221 -1.6161 2
-0.0195 -1.3987 2
-0.0033 -1.4013 2
0.0069 -2.7058 2
0.0108 -2.8085 2
0.0111 -1.7462 2
0.0167 -2.5636 2
0.0241 -1.9078 2
0.0243 -1.516 2
0.0259 -1.427 2
0.034 -1.3048 2
0.0399 -1.7717 2
0.0406 -1.4371 2
0.0523 -2.2607 2
0.0603 -0.0916 2
0.0645 -1.3405 2
0.0658 -2.189 2
0.0827 -1.4539 2
0.0901 -2.032 2
0.1041 -2.3615 2
0.1051 -2.1091 2
0.1155 -0.0258 2
0.1156 -2.1222 2
0.1166 -1.9165 2
0.1193 -1.29 2
0.1212 -2.4589 2
0.1292 -1.7529 2
0.1301 -0.9613 2
0.1387 -1.249 2
0.1393 -1.2293 2
0.1472 0.0815 2
0.1502 -3.0107 2
0.1597 -2.0104 2
0.1609 -2.5754 2
0.1661 -2.1672 2
0.1667 -2.4865 2
0.1717 -1.3478 2
0.1799 -1.9928 2
0.182 -0.8045 2
0.1975 -1.2751 2
0.2059 -1.3282 2
0.2087 -1.9488 2
0.2134 -0.3079 2
0.2136 -2.238 2
0.215 -1.9544 2
0.2162 -1.4953 2
0.2166 -0.853 2
0.2258 -2.6341 2
0.2273 -1.6064 2
0.2294 -1.6472 2
0.2319 -1.1328 2
0.2329 -1.0519 2
0.2373 -1.9086 2
0.2391 -2.1617 2
0.2489 -1.2917 2
0.2594 -2.0351 2
0.2728 -7.04 2
0.2762 -0.3311 2
0.2794 -2.4899 2
0.2796 -3.0978 2
0.2823 -1.058 2
0.2931 -1.8098 2
0.2962 -2.0862 2
0.3097 5.6071 2
0.3153 -2.2408 2
0.3155 -0.8607 2
0.3226 -0.8933 2
0.3237 -1.0291 2
0.3428 -0.6652 2
0.358 -1.3901 2
0.3604 -1.7006 2
0.3646 -2.7466 2
0.3658 -1.183 2
0.3788 -0.0285 2
0.381 -1.4258 2
0.4112 -0.9286 2
0.423 -2.3015 2
0.4342 -1.6498 2
0.44 -2.4787 2
0.4406 -1.763 2
0.4431 -1.6518 2
0.4463 -2.3282 2
0.4466 -1.7988 2
0.4554 -1.9118 2
0.4634 -0.011 2
0.4641 -2.5132 2
0.4747 -1.5331 2
0.4791 -0.6982 2
0.4882 -0.6918 2
0.4902 -1.869 2
0.4922 -1.3992 2
0.4947 -1.7288 2
0.4957 -3.3313 2
0.4962 -0.9336 2
0.4971 -2.9228 2
0.504 -1.6093 2
0.5081 -2.401 2
0.5218 -0.3282 2
0.5232 -1.3598 2
0.5233 -1.0014 2
0.5315 -1.9896 2
0.5462 -0.6625 2
0.557 -1.1024 2
0.5634 -1.4392 2
0.5708 -1.7004 2
0.5727 -0.7484 2
0.5807 -2.9796 2
0.5822 -0.5851 2
0.5842 -1.4853 2
0.5948 -1.0609 2
0.5949 -1.6273 2
0.6005 -2.1993 2
0.6125 -1.5208 2
0.6184 -1.8347 2
0.6252 -1.5105 2
0.6318 -1.1426 2
0.6363 -1.4479 2
0.6419 -0.8853 2
0.6449 -2.7963 2
0.6566 -1.1558 2
0.6608 -1.4189 2
0.6648 -1.708 2
0.6657 -2.1339 2
0.6687 -2.1508 2
0.6706 -1.9299 2
0.6785 -1.8275 2
0.6821 -1.9081 2
0.686 -1.5587 2
0.6911 -2.287 2
0.696 -2.6601 2
0.7053 -1.7109 2
0.7068 -1.2121 2
0.7158 -2.0317 2
0.7214 -1.3179 2
0.7247 -1.1395 2
0.7261 -2.6832 2
0.7487 -1.2436 2
0.7711 -2.7234 2
0.7712 -1.738 2
0.7754 -1.3497 2
0.7777 -1.5108 2
0.7804 -1.2915 2
0.7895 -1.99 2
0.7906 -1.0311 2
0.7921 -1.7687 2
0.7959 -1.0978 2
0.8032 -1.2721 2
0.8175 -0.4942 2
0.8312 -0.9464 2
0.8333 -0.9868 2
0.8383 -1.2758 2
0.8522 -2.2779 2
0.8532 -2.6177 2
0.8681 -1.8726 2
0.879 -1.3314 2
0.8835 -0.5912 2
0.8937 -0.5647 2
0.8982 -0.2998 2
0.9027 -1.7444 2
0.903 -0.946 2
0.9133 -1.9249 2
0.9186 0.3791 2
0.9192 -0.6999 2
0.943 -6.4226 2
0.9462 0.2648 2
0.9467 -1.7468 2
0.9534 -1.3834 2
0.954 -0.1923 2
0.9752 -2.7133 2
0.9848 -2.2258 2
0.9879 -1.2756 2
0.9918 -1.7887 2
1.0024 -0.7312 2
1.0069 -2.0921 2
1.0167 -1.4254 2
1.0232 -1.746 2
1.027 -2.4333 2
1.0313 -1.2609 2
1.0378 -0.6583 2
1.0384 -1.3387 2
1.0403 -1.5382 2
1.0412 -2.1908 2
1.0444 -1.5947 2
1.0508 -2.632 2
1.0517 -1.7344 2
1.0574 -1.4964 2
1.0671 -1.0172 2
1.0786 0.3182 2
1.083 -1.7809 2
1.0833 -0.5909 2
1.0848 -0.9428 2
1.0863 -0.36 2
1.0951 -0.6104 2
1.0995 -1.5581 2
1.1006 -1.6616 2
1.1024 -1.9276 2
1.1024 -2.402 2
1.1032 -1.5027 2
1.1359 -1.8192 2
1.1418 -0.9206 2
1.1617 -1.5833 2
1.1641 -3.2581 2
1.174 -1.3674 2
1.1754 -0.3411 2
1.1783 -0.6442 2
1.1912 -0.524 2
1.1947 -0.6532 2
1.1973 -0.9888 2
1.2125 -2.7421 2
1.222 -1.086 2
1.2357 -1.8749 2
1.2584 -1.3556 2
1.2652 -1.4617 2
1.2719 -1.1273 2
1.2744 -0.3522 2
1.2773 0.5258 2
1.2823 -2.2021 2
1.2859 -2.4185 2
1.2869 -0.9675 2
1.2942 -0.8693 2
1.3019 -1.6339 2
1.3186 -1.28 2
1.3204 -0.581 2
1.3228 -1.9752 2
1.324 -1.864 2
1.328 -2.533 2
1.3285 -0.4228 2
1.3326 -2.0189 2
1.3355 -2.1447 2
1.3371 -0.7962 2
1.3372 -2.014 2
1.3402 0.3772 2
1.3749 -2.1338 2
1.3784 -2.2565 2
1.3794 0.1423 2
1.3835 -2.0623 2
1.3945 -1.9825 2
1.4012 -1.7428 2
1.4084 -0.4356 2
1.4249 -0.2397 2
1.438 -6.4516 2
1.4561 -2.5264 2
1.4707 -2.1116 2
1.4772 -2.6447 2
1.482 -0.8717 2
1.4869 -1.0201 2
1.5022 -1.7846 2
1.5056 -2.2752 2
1.5063 -0.2201 2
1.5096 -1.5358 2
1.5298 -1.9728 2
1.5408 -0.7266 2
1.5432 -1.5322 2
1.5947 -2.1025 2
1.6076 -1.7469 2
1.6124 -1.0418 2
1.6164 -1.0406 2
1.6283 -0.651 2
1.6398 -1.0626 2
1.6468 -0.753 2
1.65 -1.8019 2
1.6596 -1.2436 2
1.6668 -1.8232 2
1.6746 -1.5353 2
1.6815 -2.2571 2
1.6831 -1.8587 2
1.6931 -2.134 2
1.6942 -1.7724 2
1.7328 -1.2682 2
1.7658 -1.9861 2
1.7735 -2.1675 2
1.7758 -0.7368 2
1.7776 -0.799 2
1.7785 -1.5401 2
1.7787 -1.4492 2
1.7877 -1.0402 2
1.7926 -1.2832 2
1.8035 -0.7253 2
1.8103 -0.8399 2
1.8114 -1.5637 2
1.8287 -1.943 2
1.8343 -1.3272 2
1.8415 -2.1197 2
1.8431 -1.4271 2
1.8501 -1.9948 2
1.8641 -0.8074 2
1.8748 -1.2744 2
1.8751 -0.8278 2
1.8769 -0.6562 2
1.8814 -1.5579 2
1.886 -3.0995 2
1.8863 -1.2615 2
1.9079 -1.3883 2
1.914 -1.6901 2
1.9253 -1.5629 2
1.9271 -2.1705 2
1.9385 -1.5072 2
1.9428 -0.0858 2
1.9491 -2.2551 2
1.9495 -1.4742 2
1.9647 -0.2329 2
1.9683 -1.0073 2
1.975 -1.8355 2
1.9775 -1.0362 2
1.983 -2.0436 2
1.9879 -2.268 2
2.001 -0.6429 2
2.0043 -0.8051 2
2.0053 -1.8748 2
2.0064 -1.3542 2
2.0084 -1.7554 2
2.0138 -0.8421 2
2.0151 -1.0427 2
2.0324 -0.7622 2
2.0395 -0.8377 2
2.0424 -2.4439 2
2.0603 -1.6102 2
2.0646 -2.0284 2
2.0716 -1.6744 2
2.0728 -1.1768 2
2.0944 -0.5264 2
2.0951 -1.2102 2
2.0958 -1.2069 2
2.097 -2.8879 2
2.1023 -1.4832 2
2.1116 -1.9845 2
2.1122 -2.4502 2
2.1248 -2.0724 2
2.1277 -2.6049 2
2.1326 -1.0159 2
2.1406 -1.4266 2
2.1467 -0.493 2
2.16 -2.7194 2
2.169 -1.5275 2
2.1723 -0.96 2
2.1915 -2.2554 2
2.1921 -1.6705 2
2.1965 -0.4689 2
2.2032 -1.4083 2
2.2104 -1.3833 2
2.2116 -0.9904 2
2.2413 -1.3139 2
2.2521 -1.8733 2
2.255 -1.604 2
2.2632 -0.5894 2
2.2696 -0.8005 2
2.2837 -1.1049 2
2.2976 0.1928 2
2.302 -2.3699 2
2.3102 -1.3919 2
2.3141 -3.0416 2
2.3148 0.4823 2
2.3213 -1.3747 2
2.3217 -0.4182 2
2.3358 -0.8647 2
2.3629 -1.4578 2
2.3724 -1.0947 2
2.3758 -0.3326 2
2.396 -1.7622 2
2.398 -1.3371 2
2.4046 -1.7766 2
2.405 -2.2206 2
2.4112 -1.3999 2
2.4316 -1.3722 2
2.4358 -2.1033 2
2.4487 -1.3936 2
2.4671 -1.5241 2
2.4733 -0.5384 2
2.4734 -1.0204 2
2.479 -1.4047 2
2.5085 -1.1424 2
2.5087 -1.9366 2
2.5236 -0.8512 2
2.5247 -1.4175 2
2.5417 0.087 2
2.5666 -1.6265 2
2.6006 -2.5645 2
2.6275 -1.2022 2
2.6281 -2.8324 2
2.6531 -1.3048 2
2.689 -1.22 2
2.689 -1.0268 2
2.6996 -1.6054 2
2.7053 -2.9504 2
2.7207 -2.3403 2
2.7305 -1.1067 2
2.7523 -1.2 2
2.7581 -1.2082 2
2.7644 -1.3728 2
2.7686 -0.7518 2
2.7833 -1.3375 2
2.7846 -1.9892 2
2.8004 -1.413 2
2.8065 -1.0507 2
2.8654 -1.1105 2
2.8791 -1.4813 2
2.8813 -1.8745 2
2.8877 -1.3811 2
2.8912 0.1611 2
2.9018 -0.5313 2
2.911 -2.6267 2
2.925 -0.8344 2
2.9402 -1.8962 2
2.9421 -1.658 2
2.9819 -1.3408 2
2.9867 -1.1229 2
3.0021 -1.3001 2
3.0049 -0.3698 2
3.0136 -0.4178 2
3.0174 -0.8896 2
3.029 -1.9151 2
3.0338 -1.4758 2
3.052 5.4151 2
3.0821 -1.8988 2
3.0955 -1.9634 2
3.0957 -1.0652 2
3.1143 -1.9991 2
3.1295 -2.2536 2
3.1357 -2.1045 2
3.1377 -2.9984 2
3.187 -1.8213 2
3.195 -1.7192 2
3.1951 -0.4852 2
3.2023 -1.3552 2
3.205 -0.63 2
3.2226 -2.1711 2
3.2243 -0.5657 2
3.2437 -1.5463 2
3.2467 -1.4859 2
3.2497 -0.2648 2
3.2578 -2.0776 2
3.2893 -2.174 2
3.3124 -1.2141 2
3.3234 -2.114 2
3.3578 -0.9927 2
3.3841 -2.3019 2
3.3909 -2.0624 2
3.4312 -0.9385 2
3.4453 -1.6146 2
3.4455 -1.4273 2
3.476 -2.1696 2
3.4962 -1.6047 2
3.5044 -2.5234 2
3.5108 -2.3754 2
3.5337 -1.3724 2
3.5371 -0.4727 2
3.5441 -0.4032 2
3.5631 -1.5914 2
3.5679 -2.2488 2
3.6091 -1.9207 2
3.6473 -1.5792 2
3.6554 -2.1089 2
3.6579 -1.8123 2
3.678 -1.511 2
3.7034 -1.1738 2
3.7781 -1.5255 2
3.784 -3.3576 2
3.7849 -1.5708 2
3.8113 -3.0648 2
3.8223 -0.8843 2
3.8246 -1.4347 2
3.8323 -1.9455 2
3.8588 -1.2257 2
3.8623 -1.9525 2
3.8683 -1.2694 2
3.882 -1.8617 2
3.892 -2.6319 2
3.8954 -1.936 2
3.9092 -0.4922 2
3.9112 -1.5885 2
3.9773 -0.7925 2
3.991 -1.2379 2
4.0085 -1.8795 2
4.0256 -0.9223 2
4.0771 -1.4212 2
4.0782 -1.7528 2
4.1208 -0.9959 2
4.1255 -0.9963 2
4.1324 -2.3158 2
4.1387 -0.5858 2
4.1596 -1.1031 2
4.197 -0.7059 2
4.2471 -1.9933 2
4.296 -2.8062 2
4.3638 -3.087 2
4.4557 -2.5092 2
4.4708 -2.1175 2
4.5074 -0.7911 2
4.5738 -2.1438 2
4.6681 -2.9064 2
4.7017 -0.6906 2
4.7801 -2.0709 2
4.9097 -1.7448 2
4.94 -0.3464 2
4.9619 -2.2372 2
4.9867 -1.285 2
4.9877 -1.0908 2
4.9999 -6.9275 2
5.0353 -2.0627 2
5.0423 -0.4635 2
5.0703 -2.654 2
5.0836 -1.6312 2
5.1657 -1.9038 2
5.1698 -1.0092 2
5.172 -0.3288 2
5.1832 -1.1342 2
5.1908 -1.0969 2
5.2782 -1.9299 2
5.5137 -1.0909 2
5.6357 -2.1698 2
5.7546 -1.1722 2
5.858 -1.8616 2
5.9288 -1.0503 2
6.0643 6.4491 2
6.1203 -1.6141 2
6.3842 -1.2693 2
6.6959 -5.5667 2
7.3316 -6.3026 2
8.0042 3.2532 2
8.2747 4.9975 2
8.4779 -5.0012 2
8.9338 -6.8852 2
9.003 -0.8225 2
9.2003 3.7065 2
9.3523 -3.3433 2
9.9862 -5.067 2
10.025 -6.3183 2
10.193 -1.7771 2
10.212 0.1106 2
10.246 3.9953 2
10.737 -3.8292 2
10.781 2.378 2
10.861 -2.1184 2
11.082 1.4245 2
11.282 -4.7855 2
